Sol.APROX:            1.900000000000  ERROR <             0.1E-11
Sol.APROX:            3.100000000000  ERROR <             0.1E-11
Sol.APROX:            3.700000000000  ERROR <             0.1E-11
